1000
10 36 76
16 20 13
93 91 57
89 37 94
62 86 17
44 5 97
58 20 22
55 94 27
36 93 63
5 47 66
95 21 59
38 10 22
47 88 38
58 36 22
95 85 81
78 84 95
18 57 73
70 35 40
66 16 67
47 1 94
57 75 18
7 84 93
2 42 20
21 99 3
75 52 73
31 80 31
43 89 76
34 10 100
100 31 47
1 42 57
46 59 25
57 76 73
42 63 85
22 34 52
49 97 30
46 60 87
81 30 41
5 36 8
19 61 77
44 7 12
19 41 36
17 81 100
4 79 33
91 48 60
100 60 84
1 94 5
36 54 38
18 82 44
36 87 6
91 35 47
33 61 4
1 73 59
70 70 72
99 8 69
65 89 98
66 96 69
66 69 9
100 90 10
87 12 14
11 78 3
34 92 69
42 62 90
6 37 12
15 81 62
10 67 92
0 15 62
15 27 85
25 12 74
82 2 69
98 55 70
84 90 42
59 78 24
84 30 23
40 47 81
44 52 32
80 15 95
57 28 81
1 87 21
92 7 98
61 95 87
6 27 73
76 87 22
13 62 69
34 85 73
28 2 36
7 29 92
48 46 58
54 86 32
35 62 33
97 83 99
96 46 59
52 22 97
32 10 75
18 95 60
32 94 82
11 5 82
47 8 15
46 71 15
99 60 89
52 29 5
51 61 55
83 98 82
98 38 32
82 42 37
82 87 30
69 77 100
28 95 98
19 78 93
5 21 40
42 73 40
13 66 1
32 38 20
51 72 5
14 33 90
68 55 29
16 58 42
75 28 25
42 58 87
55 80 45
41 88 72
45 24 72
35 45 55
72 98 89
35 8 16
75 63 74
87 70 20
94 54 91
91 88 3
13 82 4
74 73 98
5 66 37
75 96 31
14 65 87
98 13 29
15 28 37
51 16 84
31 32 20
66 68 37
7 78 53
16 39 79
16 66 96
31 20 6
84 98 25
87 20 40
18 56 55
43 9 84
58 27 76
60 98 27
74 35 91
93 28 75
9 72 95
66 19 66
82 35 76
4 64 60
67 45 63
28 37 95
1 95 53
84 26 67
98 4 46
100 1 1
21 61 42
68 13 87
31 11 66
99 13 4
83 25 47
19 59 93
95 95 17
88 45 37
100 68 14
86 98 75
79 74 13
59 82 94
15 40 98
62 87 92
77 65 16
25 17 18
77 75 53
20 46 39
82 24 95
91 65 22
54 36 40
44 52 32
45 58 33
90 98 72
50 96 59
65 70 12
90 47 68
12 65 66
70 67 75
23 76 96
14 10 10
70 29 55
28 95 81
66 92 12
99 99 99
10 34 82
83 89 31
81 58 33
53 70 66
93 54 6
64 85 30
16 79 40
62 90 75
84 63 23
27 23 13
23 7 39
41 32 82
90 24 63
65 19 26
98 31 67
54 53 91
12 9 17
23 68 11
43 81 99
25 69 7
47 71 80
98 100 65
21 28 21
32 96 39
12 72 15
59 75 48
31 30 58
0 42 24
29 16 45
57 64 92
91 61 19
61 53 3
39 85 37
85 85 34
34 26 6
12 83 57
81 40 43
92 67 54
100 35 40
67 53 15
12 25 45
64 25 83
19 77 96
3 96 47
8 67 44
29 36 86
26 20 90
25 85 66
46 18 82
13 64 55
35 35 60
57 85 91
15 70 53
87 40 57
40 67 34
42 93 80
73 4 82
30 25 5
56 83 72
98 85 38
68 94 26
98 57 37
93 5 46
28 9 52
38 15 17
13 15 91
97 61 94
13 9 38
35 72 76
76 86 17
98 96 13
30 60 84
97 82 93
20 73 83
33 36 11
72 53 57
55 71 46
96 95 29
77 67 94
28 62 38
69 74 98
14 19 22
4 99 34
23 66 83
79 91 11
0 89 69
84 90 1
92 4 28
2 9 3
33 12 86
48 19 14
97 18 34
97 76 47
12 85 59
11 60 98
51 9 46
13 45 52
5 4 81
40 9 35
67 73 45
10 33 33
82 93 96
38 8 35
37 73 10
36 67 58
94 62 11
31 8 81
91 96 80
42 4 54
4 92 13
61 18 70
100 54 94
63 93 100
99 70 86
98 80 87
83 41 63
38 4 40
77 97 48
21 26 87
92 33 47
64 20 30
23 60 91
35 9 73
60 2 68
50 69 97
30 5 55
55 99 81
57 87 8
71 87 7
87 81 48
4 1 83
61 6 25
60 87 90
29 71 99
55 94 1
11 32 65
5 5 86
14 72 37
96 33 27
72 17 12
88 40 84
44 65 58
37 62 67
2 36 39
86 67 92
100 76 79
94 24 53
88 98 54
8 100 13
1 7 59
23 74 80
50 66 61
81 45 30
55 77 36
77 23 24
93 24 72
59 75 32
73 91 41
42 91 58
6 74 32
86 75 33
77 76 20
82 89 7
67 56 15
53 97 9
21 1 14
49 37 81
68 23 92
6 54 76
57 10 21
34 38 11
15 73 20
30 61 23
69 25 52
10 22 55
35 87 31
19 15 33
28 11 21
81 53 85
21 66 14
95 11 94
79 48 76
75 97 59
55 68 37
16 97 9
29 75 87
20 94 40
71 59 9
4 45 66
44 19 7
35 29 87
82 77 39
82 19 81
54 28 35
21 84 62
11 83 30
52 68 7
28 13 37
100 9 27
13 17 1
14 12 58
66 96 69
65 81 74
18 28 91
31 83 25
99 61 22
98 41 60
18 13 17
17 32 44
38 3 52
21 88 44
44 35 57
55 2 71
99 92 60
73 29 39
15 90 92
98 22 42
60 68 69
13 28 46
5 98 52
57 48 78
59 22 76
38 2 57
34 59 57
13 98 74
43 99 74
65 83 43
56 92 59
70 44 46
82 79 96
58 90 100
97 88 98
13 64 42
13 69 20
72 84 72
84 69 3
89 80 48
6 97 77
14 98 61
37 13 100
57 38 52
36 98 27
49 60 88
17 79 13
52 68 11
80 46 30
25 25 97
56 1 93
79 6 20
88 55 34
75 46 17
70 91 100
3 66 73
11 69 57
84 32 46
64 76 28
26 54 1
81 8 37
87 22 56
55 3 20
74 83 52
80 5 56
21 60 67
53 28 74
23 24 41
28 58 46
11 99 92
14 30 25
91 5 25
17 24 45
10 19 4
92 3 36
77 46 98
97 58 73
13 15 75
59 46 2
24 1 68
17 89 70
33 18 17
3 19 75
100 23 20
34 92 25
16 53 10
85 70 9
34 66 96
61 11 30
99 95 91
83 81 21
22 89 58
20 41 6
75 36 52
72 69 8
82 47 46
93 6 84
84 48 1
81 14 29
96 10 58
12 33 57
55 94 47
26 57 61
13 21 19
27 86 68
43 47 33
49 73 97
69 62 92
38 68 94
31 9 97
13 47 81
23 5 33
7 34 65
82 47 30
85 2 99
79 37 2
41 31 52
47 27 41
87 37 94
53 22 1
25 18 17
61 29 41
94 29 22
38 86 11
17 55 29
85 13 84
3 83 27
55 4 97
86 15 32
44 31 91
33 60 68
57 92 78
2 96 76
92 100 81
50 58 100
0 55 55
45 24 7
68 88 23
37 56 98
26 4 85
13 46 10
73 6 68
40 29 7
27 69 53
91 83 54
52 44 12
58 18 38
80 33 25
24 100 35
77 88 1
90 70 34
47 66 68
80 78 67
22 14 70
20 62 88
89 86 90
84 24 17
55 84 13
28 46 55
8 59 6
66 26 38
75 30 25
0 99 43
52 71 59
89 41 20
53 48 15
80 2 41
59 60 85
10 34 81
74 27 60
46 74 16
23 1 19
50 65 61
100 18 7
53 52 65
80 65 25
25 55 35
88 56 9
73 67 79
29 21 13
32 43 54
45 58 69
54 93 10
17 75 28
54 70 59
98 85 64
14 36 81
30 83 16
37 59 59
15 81 30
65 69 32
76 78 55
84 58 8
1 23 28
31 11 98
18 66 28
3 82 67
67 23 25
31 3 8
88 27 3
62 18 5
15 14 85
100 55 38
41 5 75
56 44 57
86 82 81
87 63 16
24 57 9
85 86 56
100 84 31
80 80 99
8 44 91
62 17 79
28 44 77
49 78 52
57 26 71
93 73 87
89 48 41
58 85 42
5 34 58
42 8 52
24 66 29
84 53 47
52 37 89
52 79 95
97 37 34
45 39 5
4 78 15
65 77 89
33 69 55
38 91 22
49 11 58
38 27 52
87 5 14
51 36 99
67 43 16
43 97 35
66 30 100
96 23 25
36 17 39
15 12 1
75 37 68
7 29 86
70 93 6
55 82 21
81 88 84
67 83 21
45 83 96
93 8 68
0 68 90
70 16 5
51 16 83
60 86 100
26 26 94
49 48 55
47 66 45
94 30 5
16 86 46
10 55 4
22 75 38
60 52 78
73 44 1
33 6 28
88 64 68
90 22 23
52 90 42
95 20 58
13 78 5
76 9 32
0 39 48
36 4 21
95 62 96
19 95 1
46 100 56
13 55 55
65 46 89
20 71 63
75 68 11
75 18 15
86 7 52
14 46 40
30 65 81
91 24 30
52 79 8
53 46 81
73 5 80
7 52 70
19 7 99
59 19 85
59 83 100
1 45 6
72 45 65
60 57 42
23 17 75
81 64 71
30 5 25
100 39 9
76 27 10
83 83 38
51 37 95
7 79 5
2 72 59
84 5 4
28 81 52
91 2 12
1 74 53
54 28 31
67 58 20
29 81 85
86 23 47
94 29 61
24 57 38
84 1 80
14 60 30
61 38 36
84 75 56
57 61 15
39 62 18
73 94 45
58 91 89
20 46 63
12 55 55
55 32 37
7 25 48
73 81 29
76 21 60
61 55 7
19 90 69
26 7 46
57 59 38
4 95 82
91 2 11
67 95 83
5 77 17
50 78 61
41 87 80
27 81 7
35 16 42
26 92 27
8 34 45
17 8 18
31 15 100
22 88 73
12 3 26
85 93 63
21 94 36
89 11 13
76 45 72
81 38 43
22 95 30
78 100 69
71 76 48
33 70 76
97 44 60
91 74 34
35 73 75
14 63 94
72 9 77
67 60 11
78 71 68
98 87 25
63 53 74
49 18 95
65 34 26
17 6 40
89 42 1
60 81 24
30 64 33
79 26 26
78 31 43
55 47 53
56 91 37
74 9 58
37 43 86
22 97 31
15 74 4
9 76 39
74 24 4
23 7 3
56 48 75
55 98 32
44 26 6
45 94 28
4 38 5
83 39 80
14 58 26
14 89 2
69 82 83
39 42 75
83 15 78
59 8 29
67 94 53
4 47 1
6 36 66
77 91 2
57 27 68
2 98 62
81 16 88
6 90 7
38 100 15
7 84 22
62 59 95
34 74 94
40 87 59
4 84 60
35 97 48
67 48 15
99 70 27
96 46 9
16 5 23
95 52 21
69 26 21
71 28 11
100 89 79
57 66 7
38 87 35
68 63 40
0 20 21
34 99 40
67 10 77
87 57 12
65 48 46
84 95 42
49 43 41
23 3 100
81 4 75
42 93 63
67 7 97
43 82 18
88 98 52
49 79 11
83 77 98
52 36 12
83 77 15
10 5 43
10 72 100
96 23 79
8 90 85
41 12 92
91 59 33
15 48 19
44 62 13
27 97 67
33 84 61
78 12 26
40 58 61
15 29 66
22 41 17
6 10 20
19 25 7
95 24 55
9 100 8
79 4 33
2 59 23
10 38 38
15 72 4
67 19 16
20 39 43
4 90 64
54 99 95
79 88 11
79 12 10
78 28 15
73 43 35
68 85 59
48 16 37
1 13 64
70 57 74
64 38 29
68 31 60
63 90 6
50 22 39
2 32 95
4 11 83
20 60 5
20 60 75
64 16 62
47 2 34
41 98 74
11 72 92
99 58 92
23 21 97
95 11 94
54 12 86
55 93 15
67 88 33
95 44 79
93 37 34
51 52 94
10 86 69
24 8 15
84 18 41
55 36 81
87 21 91
67 45 84
63 18 95
29 11 42
36 42 44
79 13 6
80 53 38
35 99 22
23 65 87
49 47 74
49 2 81
16 15 64
53 77 48
74 13 7
95 53 33
32 74 85
53 100 79
89 80 24
52 10 20
93 62 100
87 37 39
100 98 41
54 7 5
61 56 2
38 55 3
74 98 45
81 3 94
17 2 33
79 20 6
28 16 5
61 11 61
100 47 93
7 83 47
41 26 27
34 29 29
42 67 14
15 87 67
99 3 95
39 68 98
96 2 72
60 83 20
49 86 5
86 22 44
96 97 9
5 20 37
48 86 21
80 25 64
25 24 95
20 56 46
66 15 25
77 83 32
2 67 55
62 67 78
44 60 67
25 23 43
91 63 85
29 90 66
95 88 7
8 78 93
4 47 5
25 93 2
44 88 41
87 15 84
83 88 33
58 20 9
55 65 61
4 8 40
3 22 39
34 64 3
40 5 31
89 74 71
2 57 53
37 65 24
6 57 10
12 98 95
91 2 82
97 70 4
76 23 47
99 41 62
31 46 91
37 54 52
77 21 90
44 33 42
27 63 72
76 82 99
78 12 41
67 60 99
90 63 36
1 54 73
69 44 38
30 57 67
32 46 61
79 29 41
6 26 84
37 3 58
69 39 59
12 71 89
100 64 45
57 76 70
11 45 87
76 5 76
75 55 81
87 93 35
1 69 27
76 58 19
42 33 8
20 46 23
43 48 99
90 69 60
34 68 35
79 31 94
67 12 75
55 71 19
19 54 59
52 39 2